26 575 342 373 210 19 4 360 586 73 171 476 211 385 400 540 453 764 267 251 406 527 94 260 745 737 518 61 559 828 632
12 408 593 226 467 281 122 82 453 540 463 99 400 756 742 733 286 113 574 616 582 13 462 669 601 225 319 181 285 802 461 368 403 34 847 248 864
16 870 872 871 869 181 616 275 650 18 324 728 25 194 635 220 284 84 147 136 839 39 484 693 387 439 715 309 411 260 838 745 204 737 117 518 86 61 332
204 263 719 585 438 609 704 782 21 556 271 740 826 435 60 140 598 221 306 773 386 468 90 545 639 729 338 530 215 623 83 875 460 410 27 57 447 804 6 627 562 608 521 261 551 323 417 800 735
23 541 486 130 289 701 224 505 698 534 511 638 542 448 506 152 408 15 53 258 357 437 806 295 651 211 476 7 214 590 73 481 216 832 514 678 529 541
35 328 643 697 89 171 476 666 820 385 452 400 540 453 764 775 654 217 307 387 411 309 439 260 204 745 877 325 239 785
56 652 504 785
207 413 403 368 530 215 623 460 155 708 558 27 841 672 58 562 551 323 417 800 735 157 391 584 288 526 544 685 342 47 213 236 207 751 723 116 33 114 412 795 195 327 716 280 752 625 835 444 583 123 498 613 799 719 263 581
22 687 151 664 341 334 798 240 722 375 122 467 104 593 479 757 706 743 753 264 224 6 672 146 57
04 605 358 32 92 289 130 262 486 814 784 787 678 520 103 529 420 23 3 2 538 399 138 19 291 210 544 373 348 394 79 642 91 443 576 509 777 430 370 831 276 862
05 301 748 630 658 72 170 359 632 828 559 579 232 346 837 189 390 35 496 428 118 121 824 190 128 372 273 383 563 557 184 141 532 863
14 677 504 785 813 239 703 290 755 711 218 522 758 480 296 503 264 224 289 814 149
08 605 130 262 486 814 490 31 649 283 305 688 855 684 1 355 22 472 513 102 44 18 275 616 461 34 854 843
29 616 802 582 62 13 319 225 601 669 574 113 733 286 760 390 404 115 189 629 37 346 232 559 665 632 170 87 589 230 199 148 175 153
54 622 531 98 160 279 536 788 805 549 848 636 471 14 219 314 186 691 561 208 228 699 405 127 606 656 812 298 628 470 187 159 154 501 247 724 30 604 558 27 841 447 672 58 804 32 605
11 241 524 69 530 215 623 83 875 460 708 558 146 564 252 70 262 130 814 486 223 697 283 431 736 111 497 783
25 631 142 181 350 275 18 441 162 80 36 132 783 427 696 819 757 152 769 801 198 382 768 376 312 318 853 398 553 689 349 16 695 48 504
31 144 767 297 347 547 302 646 51 709 611 465 177 429 52 747 32 274 823 130 663 237 89 717 855 270 214 590
36 605 747 32 274 490 457 781 653 103 420 23 3 2 538 399 19 291 210 340 633 102 455 18 741 368 827 403 739 141 599 557 184
19 798 404 115 846 194 728 102 633 340 288 526 584 157 362 172 833 126 521
38 785 813 791 703 712 290 474 311 631 142 158 198 617 152 45 356 542 807 191 849 600 499 736 717 688 855 731 1 24 513 852 633 573 544 685 575
33 579 705 850 361 865 603 775 763 122 281 467 593 479 754 706 743 761 492 134 721 396 429 76 776 389 28 64 550 81 67 660 302
17 605 747 358 32 58 6 804 447 841 27 558 604 844 724 501 154 159 614 388 451 811 851 49
51 521 110 323 735 619 4 360 592 245 171 666 820 385 354 512 434 161 317 375 722 101 371 644
47 605 32 289 845 108 29 792 326 713 193 659 702 750
13 473 198 382 825 803 94 209 700 392 17 778 552 96 179 188 559 665 632 170 139 588
59 5 876 875
30 575 47 342 373 210 19 399 538 2 23 166 497 265 41 830 507 591 382 825 803 94 209 477 376 725 233 528 712 282 703 188 661
32 175 199 230 589 72 828 559 332 86 737 204 838 133 137 158 198 617 754 638 696 191 790 256 268 345 440 162 44 350 616 181
10 675 615 561 208 699 12 606 656 812 298 628 470 187 159 154 501 247 844 30 558 27 57 447 672 58 804 32 605
18 479 617 754 300 638 511 534 698 505 834 701 289 262 486 541 424 653 163 23 20 56 277 626 381 75 485 303 449 385 211 476 806 452 354 512 434 161 770 839 484 603 251 406 591 198 473 479
06 256 268 345 440 44 616 368 403 34 847 248 380 413
01 798 105 390 404 115 189 846 760 765 437 124 605 358 169 747 809 32 92 156 41 682 253 681 265 505 783 519 269 191 600 790 849 456 866 867
28 181 350 275 18 162 80 476 211 820 385 452 437 829 15 594 343 382 825 803 260 204 125 571 877 48 235
53 703 239 791 785 504 366 85
206 403 34 847 248 42 843
09 821 539 836 425 377 196 535 259 527 464 775 580 317 794 587 765 437 169 809 41 681 783 497 89 744 612 663 490 149 749 786 109 182 597 825 94 821
21 334 798 837 390 115 846 765 806 295 666 440 441 650 350 616 181
27 334 517 798 791 239 703 325 282 712 290 528 233 725 312 376 768 266 196 631 94 259 825 382 507 591 464 251 654 837 494 865 361 603 484 390 39 839 404 136 115 147 189 846 760 84 284 873
49 261 781 787 250 31 409 793 600 783 265 41 53 566 527 454 94 260 745 737 117 518 61 559 665 828 632
58 858 5 875
55 172 551 261 329 562 92 358 143 369 177 776 389 28 64 550 81 67 302 333 695 164 16 393 553 379 725 376 768 631 209 803 94
46 188 239 791 785 504 546 238
48 521 110 323 735 710 565 95 74 730 180 679 450 548 135 308 413 34
07 801 382 158 142 700 392 17 311 778 528 290 282 325 239 791 49
41 201 709 611 465 776 177 429 358 555 107 746 446 418 294 414 668 681 268 345 440 80 162 44 18 275 616 181
42 575 47 342 210 19 399 538 2 23 420 163 653 608 627 672 27 604 844 247 501 249
52 34 116 723 197 236 575 373 210 19 3 20 529 166 520 431 595 111 783 497 736
43 85 618 451 178 234 187 154 501 724 30 27 57 447 804 6 627 562 608 655 328 525 643 697 595 111
39 720 380 847 837 346 63 61 517 687 647
40 191 736 783 849 790 185 787 612 457 541 486 814 70 130 262 58 804 672 841 57 558 708 460 83 530 810 613 799 719 263 581
37 403 739 599 141 184 401 106 647 151 732 664
20 287 148 707 589 170 828 665 332 518 117 204 838 142 137 158 198 801 617
15 421 808 336 255 637 173 543 88 384 9 771 304 577 621 670 607 789 238 546 618 451 178 234 614 187 159 154 501 247 724 30 604 558 27 841 447 672 58 804 92 32 358 747 605
45 261 521 457 560 185 786 638 817 706 743 761 55 200 296 836 397 425 50 458 218 233 528 712 282 239 791 48 235
44 579 346 37 243 189 404 120 320 846 765 452 806 295 211 423 71 20 163 655 261 521
50 52 605 667 492 55 721 753 743 757 769 801 507 464 654 865 361 797 705 232 579
02 664 732 341 798 837 390 404 115 189 846 765 354 437 124 169 809 294 418 433 446 746 819 638 696 817 749 335 432 612 457 212 787 424 781 874 860
03 181 616 350 275 18 441 162 80 440 36 345 132 268 783 269 600 655 111 525 595 328 697 643 431 261 329 608 562 289 70 58 6 804 672 146 447 857
24 803 439 693 759 484 39 136 84 816 635 194 728 734 102 852 633 573 584 145 362 172 323
34 332 86 518 737 204 838 133 142 137 158 198 801 617 757 819 696 817 335 185 560 457 787 541 627 70 130 58 804 672 146 57