1 38 8
2 36 42 4 52 30
3 36 42 4 52 30
4 51 26
5 11 204 59 58
6 42 54 204 34 207 15 43 22 17 40 3 10
7 23 18
8 1
9 15
10 204
11 35
12 54 10
13 29 12
14 54
15 28 23 49
16 25 55
17 38 13 7
18 6 32 28 8 25 41 21 16 36 3
19 42 30 4 52 36 26
20 42 44 30 4 52 18 36
21 204
22 38 8
23 42 44 30 4 52 18 36
24 38 8
25 19 24 16
26 37
27 42 54 204 207 15 43 17 40 10 11
28 41 31 55 33
29 47
30 42 54 15 43 17 10
31 49 8
32 54 31 207 4 15 8 55 17 36 47 10 1
33 207
34 6 207 8 48 52 12 206
35 5
36 3 25 41 6 32
37 29 44
38 207
39 24 27 16 18
40 31
41 30 9 41 49 1
42 206
43 23
44 6 32 28 8 25 41 3
45 23 38
46 17 15
47 42 30 207 52 38 26
48 46 28 53 25 45 56 14
49 17 7
50 45 14
51 31 55 33
52 50 31 55
53 28 23 49
54 4
55 45 50 14
56 44 18
57 42 54 204 34 207 15 43 22 17 40 3 10
58 42 54 204 34 207 15 43 22 17 40 3 10
59 13
60 204
61 49 34 32 39 16 20 26
62 29 12
63 39
64 31 55 33
65 41
66 23 18
67 31 55 33
68 204
69 11
70 3 11 40 34
71 44 18
72 20 5 29 13 32
73 23 31 26
74 48
75 26 18
76 41 31 55 33
77 23
78 54
79 4
80 6 32 28 25 41 21 3
81 31 55 33
82 26 35 12
83 207 11 40 204
84 24 27 16
85 43 53
86 49 34 32 39 16 20 26
87 20 29 32
88 15
89 35 9 8 31
90 204
91 4
92 17 4 15 55 1
93 51
94 49 30 28 9 55 13 27 24 26
95 48
96 13
97 50 22 33
98 54
99 26 35 12
100 204
101 51
102 19 24 36 8
103 36 42 4 44 18
104 28 22
105 22 2 21 27 39 19 1
106 37
107 23 2 38 41
108 47
109 9
110 207 204 55 48 51
111 3 11 40 43 52
112 47
113 29 12
114 207
115 44 29 2 21 27 19 1
116 207 48 52
117 49 34 32 16 20 26
118 5
119 207
120 44
121 5
122 33 22 12
123 207
124 28 2 9 1
125 28 13
126 19
127 54 10
128 5
129 28
130 31 34 4 23 8 40 14 18 36 11
131 31
132 3 25 41 6 32
133 20 49 34 32 26
134 50 22 33
135 48
136 24 27 16
137 34 32 30 28 9 13 20 38
138 42 30 4 52 36 26
139 13
140 204
141 36 5 37
142 34 32 7 25 20 38
143 50 31 55
144 31
145 19 24 207
146 3 11 34 22
147 24 27 16
148 20 29 32
149 9 14
150 204
151 37 22 39
152 23 22 25 33 18 38
153 29
154 17 54 15 10 43
155 207 11 40 204
156 30 9 49 1
157 19 24 207
158 34 32 30 28 9 13 7 20 38
159 17 54 15 10 43
160 54
161 51 9 18
162 6 32 28 25 41 21 3
163 36 42 44 18
164 25 55
165 17 15 43
166 52 23 30
167 15
168 22
169 2 9 1
170 20 5 29 13 32
171 35 51 44 26
172 19 24 55 48 51
173 15
174 204
175 20 29 32
176 28
177 41 31 55
178 17 15 43
179 13
180 48
181 6 32 28 207 29 8 12 25 41 21 16 36 3
182 9
183 204
184 36 5 37
185 45 9 40 34
186 54
187 17 54 15 10 43
188 46 13 30
189 44 5 29 2 21 27 19 1
190 5
191 9 38 40 32 1
192 48
193 47
194 19 24 16
195 207
196 25 9 27
197 207 52
198 34 32 50 13 7 25 18 20 38
199 20 29 32
200 45 50
201 41
202 44
203 207 11 40 204
204 49 34 32 28 35 16 20 26
205 207
206 17 54 15 10 43
207 207 52
208 54 10
209 38 55 13 30
210 42 30 4 52 36 26
211 44 28 35 23 21 18 51 26
212 2 34
213 207 52
214 23 31 18
215 207 11 204
216 23
217 35
218 45 14
219 54
220 24 27 16
221 204
222 35
223 4 23 8 40 18 11
224 23 14 22 18
225 29 12
226 33 22 12
227 35 39
228 54 10
229 31 55
230 20 29 32
231 204
232 44 5 50 29 39 33
233 45 27 14 30
234 17 15 43
235 28 45
236 207 52
237 31
238 17 15 43 46
239 46 35 53 7 45 27 14 38
240 22
241 11
242 48
243 29 44
244 207
245 51 18
246 54
247 42 54 15 43 17 10
248 39 206 6 8 12
249 42
250 49
251 35 50 9 27 18 26
252 11
253 1
254 54
255 15
256 25 41 6 32
257 204
258 23
259 25 9 27
260 49 34 32 28 35 16 20 26
261 42 49 204 44 43 55 48 45 51 3
262 4 23 8 40 14 18 11
263 207 40 204
264 14 22
265 30 9 41 49 1
266 25 27
267 33 35 9 26
268 3 25 41 6 32
269 3 49 1
270 23 31 26
271 204
272 36
273 5
274 36 31
275 6 32 28 8 25 41 21 16 3
276 4
277 51 18
278 47
279 54
280 207
281 33 12
282 30 28 7 45 27 14 38
283 11 8
284 24 27 16
285 29 12
286 29 12
287 20 29 32
288 19 24 207
289 54 34 207 4 15 23 8 22 55 17 40 14 18 3 47 10 11
290 30 7 45 27 14 38
291 42 30 4 52 36 26
292 48
293 33
294 2 41
295 44 28 35 23 21 18 51 26
296 45 14
297 31
298 54 10
299 48
300 33 9 18
301 5
302 31 55 33
303 23 18
304 15
305 35 38 8 31
306 204
307 35
308 207 48 52
309 35 24 16
310 51 26
311 38 13 7
312 25 27 55 30
313 47
314 54
315 47
316 204
317 51 9 18
318 25 55
319 29 12
320 44 22 39
321 23
322 25 55
323 204 207 55 48 51 19 24
324 19 24 16
325 30 35 7 27 14 38
326 47
327 207
328 35 3 23 43
329 3 42 43 204 55
330 207
331 51
332 49 34 32 39 16 20 26
333 55
334 21 27 22 39
335 2 49 34
336 15
337 30
338 204
339 54 10
340 19 24 36 38
341 2 22 39
342 42 30 207 52 38 26
343 28
344 33
345 3 25 41 6 32
346 5 29 44 39
347 31
348 4
349 25 55
350 6 32 28 8 25 41 21 16 36 3
351 18
352 204
353 36
354 44 9 2 21 18 51 1
355 38 8
356 23 38
357 23
358 31 4 15 50 8 55 17 41 36 1
359 5
360 51 26
361 33 50 27 18
362 19 24 207 48 51
363 207
364 14 22
365 38 8
366 43 53
367 29 22
368 6 207 37 8 12 36
369 41 31 55
370 4
371 51
372 5
373 30 207 4 52 38 26
374 48
375 51 22 18
376 25 27 55 30
377 9
378 36 31
379 25 55
380 39 206 6 8 12
381 26 18
382 34 32 30 28 9 13 7 25 27 20 38
383 5
384 15
385 44 28 35 23 21 18 51 26
386 204
387 35 24 16
388 17 15 43
389 41 31 55 33
390 44 5 29 2 21 27 19 1
391 19 24 207
392 38 13 7
393 25 55
394 4
395 204
396 50 33
397 45 14
398 25 55
399 36 42 4 52 30
400 26 35 12
401 37
402 54 10
403 6 207 37 8 12 206 36
404 44 5 29 2 21 27 19 1
405 54 10
406 26 50 9 27 18
407 47
408 33 23 22 12
409 49
410 207 11 40 204
411 35 24 16
412 207
413 6 207 8 48 52 12 206 39
414 41
415 11
416 207 11 40 204
417 207 204
418 2 41
419 54
420 36 42 4 44 18
421 15
422 207 40 204
423 35 51 44 26
424 23 2 18
425 45 9 14
426 23
427 25
428 5
429 41 31 55 33
430 4
431 35 3 11 43 52
432 2 9
433 2
434 51 9 18
435 204
436 36
437 28 23 2 9 1
438 207 40 204
439 35 24 16
440 6 32 28 25 41 21 3
441 6 32 28 25 41 21 3
442 23
443 4
444 207
445 11
446 2 41
447 42 54 204 34 207 15 43 22 17 40 3 10
448 23 38
449 23 18
450 48
451 17 15 43
452 44 28 35 23 21 18 51 26
453 26 35 12
454 9 49 26
455 19 24 36
456 1
457 36 45 2 40 34
458 45 14
459 49
460 207 11 40 204
461 8 12
462 29 12
463 26 35 12
464 26 50 9 27 18
465 41 31 55 33
466 15
467 33 22 12
468 204
469 31
470 54 10
471 54
472 38 8
473 34 32 50 13 25 18 20 38
474 39 38 13 7
475 55
476 44 28 35 23 21 18 51 26
477 55 30
478 204
479 33 23 49 22 18
480 45 14
481 23
482 48
483 37
484 24 27 16 18
485 23 18
486 31 34 4 23 8 40 18 11
487 23
488 24
489 47
490 36 9 8 31
491 47
492 50 33
493 207
494 27
495 23
496 5
497 52 9 11 40 30
498 207
499 38
500 207
501 42 54 15 43 17 10
502 15
503 45 14
504 46 28 53 25 45 56 14
505 18 23 1
506 23 38
507 30 50 27 18
508 30
509 4
510 31
511 23 18
512 51 9 18
513 38 8
514 23
515 204
516 36 37
517 21 27 22 39
518 49 34 32 39 16 20 26
519 1
520 4 52
521 49 204 44 35 55 48 45 51 19
522 45 14
523 204
524 11
525 35 3 23 43
526 19 24 207
527 9 49 26
528 30 7 45 27 14 38
529 52 4 23 30
530 207 11 40 204
531 54
532 36 5 37
533 19 44
534 23 18
535 9
536 54
537 30
538 36 42 4 52 30
539 9
540 26 35 12
541 23 11 40 34 18
542 23 38
543 15
544 42 30 207 4 52 38 26
545 204
546 17 15 43 46
547 31
548 48
549 54
550 31 55 33
551 207 204 55 48 51
552 13
553 25 55
554 35
555 41
556 204
557 36 5 37
558 42 54 204 207 15 43 17 40 10 11
559 49 32 5 29 13 20 26
560 36 45 40 34
561 54 10
562 42 204 207 43 55 3
563 5
564 11
565 48
566 49 30
567 48
568 54
569 47
570 54 10
571 28
572 207
573 19 24 36 38
574 29 12
575 42 30 207 52 38 26
576 4
577 15
578 41
579 44 5 50 29 39 33
580 9
581 207 40 204
582 29 12
583 207
584 19 24 207
585 207 40 204
586 26 18
587 51 9 18
588 13
589 20 29 32
590 23 31 18
591 30 50 27 18
592 51 18
593 30 33 23 22 12
594 28
595 3 11 38 43 52
596 54
597 9
598 204
599 36 5 37
600 3 49 38 1
601 29 12
602 45 14
603 33 50 27 18
604 42 54 15 43 17 10
605 54 4 15 50 8 17 36 47 10 1
606 54 10
607 15
608 42 204 207 43 55 3
609 204
610 207 11 40 204
611 41 31 55 33
612 45 2 9 34 40
613 207 40 204
614 17 15 43
615 10
616 6 32 28 29 8 12 25 41 21 16 3
617 34 32 50 13 25 18 20 38
618 17 15 43
619 51
620 22 51
621 15
622 54
623 207 11 40 204
624 50 33
625 207
626 51 18
627 42 204 34 43 55 3
628 54 10
629 29 44
630 5
631 30 55 13 25 27 38
632 49 32 5 29 13 20 26
633 19 24 36 38
634 28
635 19 24 16
636 54
637 15
638 34 32 23 25 45 2 18 38
639 204
640 14
641 49
642 4
643 35 3 43 52
644 51
645 13
646 31 55 33
647 37 22 39
648 48
649 8 31
650 21 16
651 23 18
652 56
653 36 42 44 18
654 35 50 9 27 18 26
655 42 49 44 35 43 45 2 3
656 54 10
657 4
658 5
659 47
660 33
661 46 13 30
662 207
663 36 9 31
664 2 37 22 39
665 49 32 5 29 13 20 26
666 44 28 35 21 51 26
667 50 33
668 41
669 29 12
670 15
671 54 10
672 42 54 204 34 207 15 43 22 17 40 3 10
673 207
674 9
675 54 10
676 2
677 14
678 36 4 23 18
679 48
680 9
681 30 9 41 49 1
682 18 23 1
683 17 54 15 10 43
684 38 8
685 42 30 207 52 38 26
686 48
687 37 22 39
688 35 38 8 31
689 25 55
690 54
691 54 10
692 204
693 35 24 16
694 11
695 25 55
696 34 32 9 25 45 2
697 35 3 11 43 52
698 23 18
699 54 10
700 38 13 7
701 23 22 18
702 47
703 30 35 53 7 45 27 14 38
704 204
705 50 33
706 45 50 22 33
707 20 29 32
708 207 11 40 204
709 41 31 55 33
710 48
711 45 14
712 30 35 45 27 14 38
713 47
714 54
715 35 24 16
716 207
717 35 38 8 31
718 23 18
719 207 40 204
720 39
721 45 50 33
722 22 51
723 207 52
724 42 54 15 43 17 10
725 25 27 55 30
726 54
727 15
728 19 24 16
729 204
730 48
731 35 38 8 31
732 2 37 22 39
733 29 12
734 19 24 8
735 204 207 55 48 51 19 24
736 9 11 38 40 52
737 49 34 32 39 16 20 26
738 11
739 36 37
740 204
741 36
742 29 12
743 45 50 22 33
744 9 8 31
745 49 34 32 28 35 16 20 26
746 2 41
747 31 4 15 55 17 41 36 1
748 5
749 2 9
750 47
751 207 52
752 207
753 45 50 22 33
754 34 32 50 22 25 33 18
755 45 27 14 30
756 29 12
757 25 50 34 22 32
758 45 14
759 24 16
760 44 29 2 21 27 19 1
761 45 50 22 33
762 31
763 33 35 26
764 33 35 9 26
765 44 9 29 12 2 21 18 51 1
766 9 49 26
767 31
768 25 27 55 30
769 25 50 34 22 32
770 51 22 18
771 15
772 51
773 204
774 35
775 33 35 9 26
776 41 31 55 33
777 4
778 38 13 7
779 48
780 47
781 49 23 45 2 18 36
782 204
783 49 6 32 9 52 25 40 3 11 1
784 4
785 46 28 35 53 7 25 45 56 27 14 38
786 45 9
787 49 34 4 2 40 11
788 54
789 17 15
790 25 40 32 1
791 46 35 53 7 45 27 14 38
792 47
793 49
794 51 9 18
795 207
796 11
797 50 33
798 22 2 21 27 39 19 1
799 207 40 204
800 207 204
801 34 32 50 13 7 25 18 20 38
802 29 12
803 30 28 9 55 13 7 24 38
804 42 54 204 34 15 43 22 17 40 3 10
805 54
806 44 28 35 23 21 18 51 26
807 23 38
808 15
809 28 2 9 1
810 40
811 17 15 43
812 54 10
813 46 35 53 7 45 27 14 38
814 4 23 8 40 14 18 11
815 14
816 19 24 16
817 45 23 2 34
818 33
819 25 2 41 34 32
820 44 28 35 21 51 26
821 9
822 9
823 36 31
824 5
825 34 32 30 28 9 13 25 27 20 38
826 204
827 36
828 49 32 5 29 13 20 26
829 28 49 30
830 49 30
831 4
832 23 52
833 19
834 23 18
835 207
836 45 9 14
837 5 29 22 2 21 27 39 19 1
838 49 34 32 28 35 16 20 26
839 24 27 16 18
840 15
841 42 54 204 207 15 43 17 40 10
842 206
843 8 206
844 42 54 15 43 17 10
845 47
846 44 29 2 21 27 19 1
847 39 206 6 8 12
848 54
849 34 9 45 40 38 1
850 50 33
851 17 15 43
852 19 24 36 38
853 25 55
854 8
855 35 38 8 31
856 3
857 3
858 58
859 1
860 2
861 3
862 4
863 5
864 12
865 33 50 27 18
866 1
867 1
868 16
869 16
870 16
871 16
872 16
873 27
874 2
875 11 204 202 59 58
876 11 204 59 58
877 35 28
